01411066213331444245172001241567 2 1202608064.225932
01411066213331444245172101241567 2 1202608064.225932
01411066213331444245172201241567 2 1202608064.225933
01411066213331444245172301241567 2 1202608064.225934
01471027253330044241072104241567 2 1202608064.225934
01471026253331044241072104241567 2 1202608064.225935
01471026253331244241072104241567 2 1202608064.225935
01471027253330444241072104241567 2 1202608064.225936
01471026253331444241072104241567 2 1202608064.225936
01471026253331544241072104241567 2 1202608064.225937
01471026253331644241072104241567 2 1202608064.225937
01471027253330044242072104241567 2 1202608064.225938
01471026253331044242072104241567 2 1202608064.225938
01471026253331244242072104241567 2 1202608064.225939
01471027253330444242072104241567 2 1202608064.225939
01471026253331444242072104241567 2 1202608064.225940
01471026253331544242072104241567 2 1202608064.225940
01471026253331644242072104241567 2 1202608064.225941
01471027253330044247072104241567 2 1202608064.225941
01471026253331044247072104241567 2 1202608064.225942
01471026253331244247072104241567 2 1202608064.225942
01471027253330444247072104241567 2 1202608064.225943
01471026253331444247072104241567 2 1202608064.225943
01471026253331544247072104241567 2 1202608064.225944
01471026253331644247072104241567 2 1202608064.225944
01211060213335444241074104241567 2 1202608064.225945
01271060213335444241074104241567 2 1202608064.225945
01211060213335544241074104241567 2 1202608064.225946
01271060213335544241074104241567 2 1202608064.225946
01211060213335444242074104241567 2 1202608064.225947
01271060213335444242074104241567 2 1202608064.225948
01211060213335544242074104241567 2 1202608064.225948
01271060213335544242074104241567 2 1202608064.225949
01211060213335444247074104241567 2 1202608064.225949
01271060213335444247074104241567 2 1202608064.225950
01211060213335544247074104241567 2 1202608064.225950
01271060213335544247074104241567 2 1202608064.225951
01471025213331044241072105241567 2 1202608064.225951
01471025213331244241072105241567 2 1202608064.225952
01471025213331444241072105241567 2 1202608064.225952
01471025213331544241072105241567 2 1202608064.225953
01471025213331644241072105241567 2 1202608064.225954
01211025203331544241064615071257 2 1202608064.225954
01211027203331544241064615071257 2 1202608064.225955
01271005203331544247064115561127 2 1202608064.225955
01271006203331544247064115561127 2 1202608064.225956
01241005213336444247042411551207 2 1202608064.225956
01241025213336444247042411551207 2 1202608064.225957
01241035213336444247042411551207 2 1202608064.225957
01241055213336444247042411551207 2 1202608064.225958
01461025263336044241072711551207 2 1202608064.225958
01461025263336244241072711551207 2 1202608064.225959
01461025263336444241072711551207 2 1202608064.230000
01461025263336544241072711551207 2 1202608064.230000
01611050213330004741002120543666 2 1202608064.230001
01611050213330204741002120543666 2 1202608064.230001
01611050213330404741002120543666 2 1202608064.230002
01611050213330504741002120543666 2 1202608064.230002
01611050213330604741002120543666 2 1202608064.230003
01611050213330014741002120543666 2 1202608064.230003
01611050213330214741002120543666 2 1202608064.230004
01611050213330414741002120543666 2 1202608064.230004
01611050213330514741002120543666 2 1202608064.230005
01611050213330614741002120543666 2 1202608064.230006
01611050213330024741002120543666 2 1202608064.230006
01611050213330224741002120543666 2 1202608064.230007
01611050213330424741002120543666 2 1202608064.230007
01611050213330524741002120543666 2 1202608064.230008
01611050213330624741002120543666 2 1202608064.230008
01611050213330044741002120543666 2 1202608064.230009
01611050213330244741002120543666 2 1202608064.230009
01611050213330444741002120543666 2 1202608064.230010
01611050213330544741002120543666 2 1202608064.230010
01611050213330644741002120543666 2 1202608064.230011
01611050213330054741002120543666 2 1202608064.230012
01611050213330254741002120543666 2 1202608064.230012
