01471027253337424241110000241567 2 53949134 1202607083.160819
01471027253337444241110000241567 2 50583093 1202607083.160824
01471027253331424241160000241567 2 54473800 1202607083.161136
01471027253337424241112000241567 2 53949134 1202607083.161400
01471027253337444241112000241567 2 50583093 1202607083.161403
01471037253130424245112000241567 2 53293648 1202607083.161439
01471037253131424245112000241567 2 56218965 1202607083.161440
01411061253337424245112000241567 2 53949134 1202607083.161450
01471061253337424245112000241567 2 53949134 1202607083.161451
01471007253337424245112000241567 2 53949134 1202607083.161454
01471027253337424245112000241567 2 53949134 1202607083.161454
01471037253337424245112000241567 2 53949134 1202607083.161455
01411067253337424245112000241567 2 53949134 1202607083.161455
01471067253337424245112000241567 2 53949134 1202607083.161456
01471037253137444245112000241567 2 52201608 1202607083.161505
01411061253337444245112000241567 2 50583093 1202607083.161508
01471061253337444245112000241567 2 50583093 1202607083.161509
01471007253337444245112000241567 2 50583093 1202607083.161512
01471027253337444245112000241567 2 50583093 1202607083.161513
01471037253337444245112000241567 2 50583093 1202607083.161514
01411067253337444245112000241567 2 50583093 1202607083.161514
01471067253337444245112000241567 2 50583093 1202607083.161515
01471037253131464245112000241567 2 53401723 1202607083.161516
01471037253131474245112000241567 2 53401723 1202607083.161517
01471027253331424241162000241567 2 54473800 1202607083.161734
01471037253130424245162000241567 2 55627148 1202607083.161807
01471061253331424245162000241567 2 54473800 1202607083.161809
01471007253331424245162000241567 2 54473800 1202607083.161810
01471027253331424245162000241567 2 54473800 1202607083.161811
01471037253331424245162000241567 2 54473800 1202607083.161812
01411067253331424245162000241567 2 54473800 1202607083.161812
01471067253331424245162000241567 2 54473800 1202607083.161813
01471037253130474245162000241567 2 61205759 1202607083.161830
01471027253530424241113000241567 2 53293648 1202607083.162008
01471027253531424241113000241567 2 56218965 1202607083.162008
01471027253337424241113000241567 2 53949134 1202607083.162011
01471027253337444241113000241567 2 50583093 1202607083.162017
01471027253537444241113000241567 2 52201608 1202607083.162019
01471027253531464241113000241567 2 53401723 1202607083.162019
01471027253531474241113000241567 2 53401723 1202607083.162021
01471027253530424241163000241567 2 55627148 1202607083.162311
01471027253331424241163000241567 2 54473800 1202607083.162312
01471027253530474241163000241567 2 61205759 1202607083.162319
01451025253337424241116000241567 2 53949134 1202607083.162553
01471025253337424241116000241567 2 53949134 1202607083.162554
01451027253337424241116000241567 2 53949134 1202607083.162555
01471027253337424241116000241567 2 53949134 1202607083.162556
01451025253337444241116000241567 2 50583093 1202607083.162600
01471025253337444241116000241567 2 50583093 1202607083.162600
01451027253337444241116000241567 2 50583093 1202607083.162601
01471027253337444241116000241567 2 50583093 1202607083.162602
01471025253331424241166000241567 2 54473800 1202607083.162930
01451027253331424241166000241567 2 54473800 1202607083.162930
01471027253331424241166000241567 2 54473800 1202607083.162931
01241006213331544241074100241567 2 109789599 1202607083.165924
01241066213331544241074100241567 2 110640895 1202607083.165925
01241006213331544242074100241567 2 109789599 1202607083.165956
01241066213331544242074100241567 2 110640895 1202607083.165957
01241006213331544247074100241567 2 109789599 1202607083.170020
01241066213331544247074100241567 2 110640895 1202607083.170020
01411066213337444242110001241567 2 35592029 1202607083.182356
01411066213331444242170001241567 2 42204755 1202607083.182635
01411066213337444242112001241567 2 35592029 1202607083.182718
01411067253335024245112001241567 2 189086578 1202607083.182728
01411067253335424245112001241567 2 63102175 1202607083.182731
01411061253337424245112001241567 2 47286293 1202607083.182733
01411066253337424245112001241567 2 33358512 1202607083.182734
01411067253337424245112001241567 2 47286293 1202607083.182734
01411067253330444245112001241567 2 97399788 1202607083.182735
01411067253331444245112001241567 2 66003539 1202607083.182736
01411066213337444245112001241567 2 32305120 1202607083.182738
01411061253337444245112001241567 2 46803772 1202607083.182739
01411066253337444245112001241567 2 37037051 1202607083.182740
01411067253337444245112001241567 2 46803772 1202607083.182741
01411067253331424245162001241567 2 44174495 1202607083.182919
01411061253337424245162001241567 2 46417454 1202607083.182920
01411066253337424245162001241567 2 42075942 1202607083.182920
01411067253337424245162001241567 2 46417454 1202607083.182921
01411066213331444242172001241567 2 42204755 1202607083.182950
01411066213331444245172001241567 2 40265691 1202607083.183000
01411066213337444242113001241567 2 35592029 1202607083.183029
01411066213331444242173001241567 2 42204755 1202607083.183222
01411066213337444242116001241567 2 35592029 1202607083.183315
01411066213331444242176001241567 2 42204755 1202607083.183606
01411066213337444242110101241567 2 33859870 1202607083.183658
01411066213331444242170101241567 2 42204755 1202607083.183949
01411066213337444242112101241567 2 33859870 1202607083.184151
01411066213337444245112101241567 2 32311643 1202607083.184201
01411066213331444242172101241567 2 42204755 1202607083.184650
01411066213331444245172101241567 2 40265691 1202607083.184700
01411066213337444242113101241567 2 33859870 1202607083.184732
01411066213331444242173101241567 2 42204755 1202607083.184931
01411066213337444242014101241567 2 42204755 1202607083.185055
01421027253331444241074101241567 2 74120129 1202607083.185335
01211056213330544242074101241567 2 92750852 1202607083.185354
01411066213337444242116101241567 2 33859870 1202607083.185449
01411066213331444242176101241567 2 42204755 1202607083.185750
01411066213337444242110201241567 2 34784689 1202607083.185842
01411066213331444242170201241567 2 42204755 1202607083.190108
01411066213337444242112201241567 2 34784689 1202607083.190315
